30
1000000
123456 1234451 1000000000
13 13
1000000
123456 1234451 1000000000
13 13
1000000
123456 1234451 1000000000
13 13
1000000
123456 1234451 1000000000
13 13
1000000
123456 1234451 1000000000
13 13
1000000
123456 1234451 1000000000
13 13
1000000
123456 1234451 1000000000
13 13
1000000
123456 1234451 1000000000
13 13
1000000
123456 1234451 1000000000
13 13
1000000
123456 1234451 1000000000
13 13
1000000
123456 1234451 1000000000
13 13
1000000
123456 1234451 1000000000
13 13
1000000
123456 1234451 1000000000
13 13
1000000
123456 1234451 1000000000
13 13
1000000
123456 1234451 1000000000
13 13
1000000
123456 1234451 1000000000
13 13
1000000
123456 1234451 1000000000
13 13
1000000
123456 1234451 1000000000
13 13
1000000
123456 1234451 1000000000
13 13
1000000
123456 1234451 1000000000
13 13
1000000
123456 1234451 1000000000
13 13
1000000
123456 1234451 1000000000
13 13
1000000
123456 1234451 1000000000
13 13
1000000
123456 1234451 1000000000
13 13
1000000
123456 1234451 1000000000
13 13
1000000
123456 1234451 1000000000
13 13
1000000
123456 1234451 1000000000
13 13
1000000
123456 1234451 1000000000
13 13
1000000
123456 1234451 1000000000
13 13
1000000
123456 1234451 1000000000
13 13
